Model: StackingClassifier
Accuracy: 0.9613601236476044
Recall: 0.43783783783783786
Precision: 0.7941176470588235
F1: 0.5644599303135889
AUC: 0.9237908728400532
Gini: 0.8475817456801065
