Model: XGBClassifier
Accuracy: 0.9505409582689336
Recall: 0.22702702702702704
Precision: 0.711864406779661
F1: 0.3442622950819672
AUC: 0.8985945945945947
Gini: 0.7971891891891894
