Model: RandomForestClassifier
Accuracy: 0.9545595054095827
Recall: 0.22702702702702704
Precision: 0.9130434782608695
F1: 0.36363636363636365
AUC: 0.923618077093487
Gini: 0.847236154186974
